0.000000 100.000000 45.333333
0.010000 100.000000 45.739910
0.020000 100.000000 46.363636
0.030000 100.000000 47.004608
0.040000 99.019608 47.641509
0.050000 99.019608 48.095238
0.060000 98.039216 48.076923
0.070000 98.039216 48.780488
0.080000 96.078431 50.515464
0.090000 95.098039 51.052632
0.100000 95.098039 51.595745
0.110000 95.098039 52.717391
0.120000 95.098039 53.296703
0.130000 95.098039 53.591160
0.140000 94.117647 54.237288
0.150000 94.117647 55.491329
0.160000 94.117647 55.491329
0.170000 94.117647 55.813953
0.180000 94.117647 56.140351
0.190000 94.117647 56.804734
0.200000 94.117647 57.485030
0.210000 94.117647 58.181818
0.220000 93.137255 59.375000
0.230000 93.137255 59.375000
0.240000 92.156863 60.256410
0.250000 92.156863 61.038961
0.260000 90.196078 61.333333
0.270000 90.196078 62.585034
0.280000 90.196078 63.448276
0.290000 90.196078 63.448276
0.300000 90.196078 63.888889
0.310000 90.196078 64.335664
0.320000 89.215686 65.000000
0.330000 89.215686 65.942029
0.340000 88.235294 66.176471
0.350000 88.235294 67.164179
0.360000 87.254902 66.917293
0.370000 86.274510 67.175573
0.380000 86.274510 68.217054
0.390000 86.274510 68.217054
0.400000 85.294118 69.047619
0.410000 84.313725 69.354839
0.420000 83.333333 69.105691
0.430000 83.333333 72.033898
0.440000 83.333333 72.649573
0.450000 83.333333 73.275862
0.460000 83.333333 73.275862
0.470000 83.333333 73.913043
0.480000 83.333333 74.561404
0.490000 83.333333 75.892857
0.500000 81.372549 75.454545
0.510000 80.392157 75.229358
0.520000 79.411765 75.700935
0.530000 78.431373 76.190476
0.540000 78.431373 77.669903
0.550000 78.431373 79.207921
0.560000 77.450980 79.000000
0.570000 77.450980 79.000000
0.580000 76.470588 79.591837
0.590000 75.490196 80.208333
0.600000 75.490196 81.914894
0.610000 73.529412 84.269663
0.620000 70.588235 83.720930
0.630000 68.627451 83.333333
0.640000 68.627451 83.333333
0.650000 66.666667 83.950617
0.660000 66.666667 83.950617
0.670000 64.705882 83.544304
0.680000 63.725490 84.415584
0.690000 63.725490 84.415584
0.700000 62.745098 84.210526
0.710000 61.764706 84.000000
0.720000 58.823529 83.333333
0.730000 58.823529 84.507042
0.740000 58.823529 84.507042
0.750000 55.882353 83.823529
0.760000 55.882353 83.823529
0.770000 54.901961 83.582090
0.780000 53.921569 83.333333
0.790000 50.980392 82.539683
0.800000 48.039216 83.050847
0.810000 48.039216 83.050847
0.820000 46.078431 82.456140
0.830000 46.078431 83.928571
0.840000 45.098039 85.185185
0.850000 44.117647 86.538462
0.860000 42.156863 86.000000
0.870000 41.176471 85.714286
0.880000 37.254902 86.363636
0.890000 35.294118 90.000000
0.900000 34.313725 89.743590
0.910000 33.333333 89.473684
0.920000 29.411765 88.235294
0.930000 29.411765 88.235294
0.940000 23.529412 85.714286
0.950000 22.549020 85.185185
0.960000 16.666667 80.952381
0.970000 15.686275 94.117647
0.980000 8.823529 90.000000
0.990000 4.901961 83.333333
