0.000000 100.000000 45.374449
0.010000 100.000000 45.575221
0.020000 98.058252 45.291480
0.030000 98.058252 45.291480
0.040000 98.058252 45.909091
0.050000 96.116505 45.622120
0.060000 95.145631 45.794393
0.070000 94.174757 46.190476
0.080000 94.174757 46.859903
0.090000 94.174757 47.783251
0.100000 94.174757 48.500000
0.110000 93.203883 53.038674
0.120000 89.320388 56.441718
0.130000 85.436893 58.666667
0.140000 84.466019 62.142857
0.150000 81.553398 61.764706
0.160000 80.582524 63.358779
0.170000 78.640777 63.281250
0.180000 78.640777 64.285714
0.190000 78.640777 64.285714
0.200000 78.640777 65.322581
0.210000 78.640777 68.067227
0.220000 76.699029 68.695652
0.230000 75.728155 70.909091
0.240000 75.728155 71.559633
0.250000 75.728155 73.584906
0.260000 75.728155 73.584906
0.270000 75.728155 73.584906
0.280000 74.757282 73.333333
0.290000 74.757282 74.038462
0.300000 73.786408 74.509804
0.310000 73.786408 76.000000
0.320000 71.844660 76.288660
0.330000 69.902913 75.789474
0.340000 69.902913 76.595745
0.350000 68.932039 76.344086
0.360000 67.961165 76.086957
0.370000 67.961165 76.086957
0.380000 66.990291 75.824176
0.390000 66.990291 77.528090
0.400000 66.990291 79.310345
0.410000 66.990291 79.310345
0.420000 65.048544 78.823529
0.430000 63.106796 80.246914
0.440000 63.106796 80.246914
0.450000 61.165049 80.769231
0.460000 61.165049 81.818182
0.470000 61.165049 81.818182
0.480000 59.223301 81.333333
0.490000 59.223301 82.432432
0.500000 59.223301 82.432432
0.510000 56.310680 81.690141
0.520000 55.339806 81.428571
0.530000 55.339806 81.428571
0.540000 55.339806 81.428571
0.550000 54.368932 81.159420
0.560000 54.368932 81.159420
0.570000 53.398058 80.882353
0.580000 52.427184 80.597015
0.590000 52.427184 80.597015
0.600000 52.427184 81.818182
0.610000 51.456311 81.538462
0.620000 51.456311 81.538462
0.630000 51.456311 81.538462
0.640000 51.456311 82.812500
0.650000 49.514563 82.258065
0.660000 48.543689 83.333333
0.670000 47.572816 84.482759
0.680000 46.601942 84.210526
0.690000 46.601942 84.210526
0.700000 46.601942 84.210526
0.710000 44.660194 83.636364
0.720000 44.660194 83.636364
0.730000 43.689320 83.333333
0.740000 40.776699 84.000000
0.750000 38.834951 85.106383
0.760000 37.864078 84.782609
0.770000 35.922330 86.046512
0.780000 34.951456 87.804878
0.790000 31.067961 88.888889
0.800000 29.126214 88.235294
0.810000 28.155340 87.878788
0.820000 23.300971 88.888889
0.830000 20.388350 87.500000
0.840000 19.417476 86.956522
0.850000 17.475728 85.714286
0.860000 15.533981 88.888889
0.870000 13.592233 87.500000
0.880000 11.650485 85.714286
0.890000 10.679612 84.615385
0.900000 8.737864 81.818182
0.910000 7.766990 88.888889
0.920000 6.796117 100.000000
0.930000 6.796117 100.000000
0.940000 6.796117 100.000000
0.950000 4.854369 100.000000
0.960000 3.883495 100.000000
0.970000 1.941748 100.000000
0.980000 1.941748 100.000000
0.990000 0.000000 nan
