0.000000 100.000000 45.374449
0.010000 96.116505 52.105263
0.020000 95.145631 57.988166
0.030000 91.262136 61.437908
0.040000 89.320388 63.013699
0.050000 88.349515 67.407407
0.060000 86.407767 68.992248
0.070000 86.407767 69.531250
0.080000 84.466019 69.600000
0.090000 83.495146 69.354839
0.100000 83.495146 69.918699
0.110000 82.524272 72.649573
0.120000 76.699029 73.831776
0.130000 75.728155 75.000000
0.140000 75.728155 75.000000
0.150000 74.757282 76.237624
0.160000 72.815534 76.530612
0.170000 72.815534 76.530612
0.180000 71.844660 77.894737
0.190000 70.873786 77.659574
0.200000 70.873786 79.347826
0.210000 69.902913 80.000000
0.220000 69.902913 80.000000
0.230000 68.932039 80.681818
0.240000 68.932039 81.609195
0.250000 67.961165 82.352941
0.260000 66.990291 82.142857
0.270000 66.990291 82.142857
0.280000 66.990291 82.142857
0.290000 66.990291 82.142857
0.300000 66.990291 83.132530
0.310000 66.019417 83.950617
0.320000 64.077670 83.544304
0.330000 64.077670 83.544304
0.340000 63.106796 83.333333
0.350000 61.165049 84.000000
0.360000 59.223301 83.561644
0.370000 58.252427 83.333333
0.380000 57.281553 83.098592
0.390000 55.339806 82.608696
0.400000 54.368932 82.352941
0.410000 53.398058 82.089552
0.420000 53.398058 82.089552
0.430000 52.427184 81.818182
0.440000 52.427184 81.818182
0.450000 52.427184 83.076923
0.460000 51.456311 82.812500
0.470000 51.456311 82.812500
0.480000 51.456311 82.812500
0.490000 51.456311 82.812500
0.500000 51.456311 82.812500
0.510000 50.485437 83.870968
0.520000 49.514563 83.606557
0.530000 49.514563 83.606557
0.540000 47.572816 83.050847
0.550000 46.601942 82.758621
0.560000 46.601942 82.758621
0.570000 44.660194 82.142857
0.580000 43.689320 81.818182
0.590000 42.718447 83.018868
0.600000 41.747573 82.692308
0.610000 40.776699 82.352941
0.620000 40.776699 84.000000
0.630000 40.776699 85.714286
0.640000 40.776699 85.714286
0.650000 39.805825 85.416667
0.660000 39.805825 85.416667
0.670000 36.893204 84.444444
0.680000 36.893204 84.444444
0.690000 36.893204 84.444444
0.700000 36.893204 84.444444
0.710000 36.893204 84.444444
0.720000 36.893204 84.444444
0.730000 35.922330 84.090909
0.740000 35.922330 84.090909
0.750000 34.951456 87.804878
0.760000 34.951456 87.804878
0.770000 33.980583 87.500000
0.780000 33.009709 87.179487
0.790000 33.009709 89.473684
0.800000 33.009709 89.473684
0.810000 32.038835 89.189189
0.820000 32.038835 89.189189
0.830000 30.097087 88.571429
0.840000 29.126214 88.235294
0.850000 29.126214 88.235294
0.860000 27.184466 87.500000
0.870000 26.213592 87.096774
0.880000 25.242718 86.666667
0.890000 23.300971 85.714286
0.900000 23.300971 85.714286
0.910000 22.330097 85.185185
0.920000 21.359223 84.615385
0.930000 19.417476 83.333333
0.940000 18.446602 82.608696
0.950000 16.504854 85.000000
0.960000 16.504854 85.000000
0.970000 11.650485 80.000000
0.980000 10.679612 91.666667
0.990000 9.708738 100.000000
