0.000000 100.000000 45.374449
0.010000 89.320388 61.744966
0.020000 88.349515 67.407407
0.030000 85.436893 68.750000
0.040000 84.466019 69.600000
0.050000 83.495146 69.354839
0.060000 83.495146 71.074380
0.070000 83.495146 71.074380
0.080000 82.524272 72.033898
0.090000 80.582524 71.551724
0.100000 79.611650 73.214286
0.110000 79.611650 73.214286
0.120000 78.640777 73.636364
0.130000 78.640777 73.636364
0.140000 77.669903 73.394495
0.150000 77.669903 74.766355
0.160000 76.699029 75.238095
0.170000 74.757282 75.490196
0.180000 74.757282 76.237624
0.190000 73.786408 76.767677
0.200000 73.786408 77.551020
0.210000 73.786408 77.551020
0.220000 72.815534 77.319588
0.230000 72.815534 78.947368
0.240000 72.815534 78.947368
0.250000 72.815534 78.947368
0.260000 71.844660 79.569892
0.270000 71.844660 79.569892
0.280000 71.844660 80.434783
0.290000 71.844660 80.434783
0.300000 71.844660 80.434783
0.310000 69.902913 80.000000
0.320000 69.902913 80.898876
0.330000 69.902913 81.818182
0.340000 68.932039 81.609195
0.350000 68.932039 81.609195
0.360000 67.961165 81.395349
0.370000 66.990291 81.176471
0.380000 66.990291 81.176471
0.390000 66.990291 82.142857
0.400000 66.990291 82.142857
0.410000 66.990291 82.142857
0.420000 66.019417 81.927711
0.430000 65.048544 81.707317
0.440000 64.077670 82.500000
0.450000 64.077670 82.500000
0.460000 64.077670 82.500000
0.470000 64.077670 82.500000
0.480000 64.077670 82.500000
0.490000 63.106796 82.278481
0.500000 63.106796 83.333333
0.510000 63.106796 84.415584
0.520000 62.135922 84.210526
0.530000 61.165049 84.000000
0.540000 61.165049 84.000000
0.550000 60.194175 83.783784
0.560000 60.194175 83.783784
0.570000 60.194175 83.783784
0.580000 60.194175 83.783784
0.590000 60.194175 83.783784
0.600000 60.194175 83.783784
0.610000 60.194175 83.783784
0.620000 60.194175 83.783784
0.630000 60.194175 83.783784
0.640000 60.194175 83.783784
0.650000 60.194175 83.783784
0.660000 60.194175 83.783784
0.670000 58.252427 83.333333
0.680000 58.252427 84.507042
0.690000 58.252427 84.507042
0.700000 57.281553 84.285714
0.710000 56.310680 84.057971
0.720000 56.310680 84.057971
0.730000 56.310680 84.057971
0.740000 55.339806 83.823529
0.750000 54.368932 83.582090
0.760000 54.368932 83.582090
0.770000 53.398058 83.333333
0.780000 53.398058 84.615385
0.790000 53.398058 84.615385
0.800000 53.398058 85.937500
0.810000 52.427184 87.096774
0.820000 52.427184 87.096774
0.830000 48.543689 86.206897
0.840000 48.543689 86.206897
0.850000 48.543689 86.206897
0.860000 45.631068 85.454545
0.870000 45.631068 85.454545
0.880000 44.660194 86.792453
0.890000 43.689320 88.235294
0.900000 41.747573 87.755102
0.910000 40.776699 87.500000
0.920000 38.834951 86.956522
0.930000 37.864078 86.666667
0.940000 36.893204 88.372093
0.950000 35.922330 88.095238
0.960000 33.009709 89.473684
0.970000 32.038835 89.189189
0.980000 32.038835 89.189189
0.990000 30.097087 91.176471
