0.000000 100.000000 45.374449
0.010000 92.233010 59.748428
0.020000 86.407767 65.925926
0.030000 83.495146 68.800000
0.040000 79.611650 70.689655
0.050000 79.611650 71.929825
0.060000 78.640777 72.321429
0.070000 76.699029 73.148148
0.080000 75.728155 75.728155
0.090000 73.786408 75.247525
0.100000 72.815534 75.757576
0.110000 72.815534 76.530612
0.120000 72.815534 76.530612
0.130000 72.815534 77.319588
0.140000 71.844660 77.083333
0.150000 70.873786 77.659574
0.160000 70.873786 78.494624
0.170000 68.932039 79.775281
0.180000 68.932039 79.775281
0.190000 68.932039 79.775281
0.200000 68.932039 79.775281
0.210000 67.961165 79.545455
0.220000 66.990291 81.176471
0.230000 66.990291 81.176471
0.240000 66.019417 80.952381
0.250000 65.048544 81.707317
0.260000 64.077670 81.481481
0.270000 63.106796 82.278481
0.280000 63.106796 82.278481
0.290000 63.106796 83.333333
0.300000 63.106796 83.333333
0.310000 63.106796 83.333333
0.320000 63.106796 83.333333
0.330000 63.106796 83.333333
0.340000 61.165049 84.000000
0.350000 58.252427 84.507042
0.360000 58.252427 84.507042
0.370000 58.252427 85.714286
0.380000 57.281553 85.507246
0.390000 56.310680 86.567164
0.400000 54.368932 86.153846
0.410000 54.368932 86.153846
0.420000 54.368932 86.153846
0.430000 53.398058 85.937500
0.440000 53.398058 87.301587
0.450000 52.427184 87.096774
0.460000 51.456311 86.885246
0.470000 50.485437 86.666667
0.480000 49.514563 86.440678
0.490000 48.543689 86.206897
0.500000 48.543689 86.206897
0.510000 48.543689 86.206897
0.520000 47.572816 85.964912
0.530000 46.601942 85.714286
0.540000 46.601942 85.714286
0.550000 45.631068 87.037037
0.560000 45.631068 87.037037
0.570000 45.631068 87.037037
0.580000 45.631068 87.037037
0.590000 45.631068 87.037037
0.600000 43.689320 86.538462
0.610000 42.718447 86.274510
0.620000 42.718447 86.274510
0.630000 41.747573 86.000000
0.640000 40.776699 85.714286
0.650000 40.776699 85.714286
0.660000 39.805825 85.416667
0.670000 39.805825 85.416667
0.680000 39.805825 87.234043
0.690000 39.805825 87.234043
0.700000 38.834951 86.956522
0.710000 38.834951 86.956522
0.720000 38.834951 86.956522
0.730000 38.834951 86.956522
0.740000 38.834951 86.956522
0.750000 38.834951 86.956522
0.760000 35.922330 86.046512
0.770000 35.922330 86.046512
0.780000 35.922330 86.046512
0.790000 35.922330 86.046512
0.800000 35.922330 86.046512
0.810000 33.980583 87.500000
0.820000 33.980583 89.743590
0.830000 33.980583 89.743590
0.840000 31.067961 88.888889
0.850000 31.067961 88.888889
0.860000 30.097087 88.571429
0.870000 30.097087 88.571429
0.880000 29.126214 88.235294
0.890000 28.155340 87.878788
0.900000 27.184466 87.500000
0.910000 27.184466 87.500000
0.920000 26.213592 87.096774
0.930000 24.271845 89.285714
0.940000 23.300971 88.888889
0.950000 19.417476 86.956522
0.960000 18.446602 86.363636
0.970000 18.446602 86.363636
0.980000 14.563107 88.235294
0.990000 11.650485 100.000000
