0.000000 100.000000
0.010000 100.000000
0.020000 100.000000
0.030000 100.000000
0.040000 99.019608
0.050000 99.019608
0.060000 98.039216
0.070000 98.039216
0.080000 96.078431
0.090000 95.098039
0.100000 95.098039
0.110000 95.098039
0.120000 95.098039
0.130000 95.098039
0.140000 94.117647
0.150000 94.117647
0.160000 94.117647
0.170000 94.117647
0.180000 94.117647
0.190000 94.117647
0.200000 94.117647
0.210000 94.117647
0.220000 93.137255
0.230000 93.137255
0.240000 92.156863
0.250000 92.156863
0.260000 90.196078
0.270000 90.196078
0.280000 90.196078
0.290000 90.196078
0.300000 90.196078
0.310000 90.196078
0.320000 89.215686
0.330000 89.215686
0.340000 88.235294
0.350000 88.235294
0.360000 87.254902
0.370000 86.274510
0.380000 86.274510
0.390000 86.274510
0.400000 85.294118
0.410000 84.313725
0.420000 83.333333
0.430000 83.333333
0.440000 83.333333
0.450000 83.333333
0.460000 83.333333
0.470000 83.333333
0.480000 83.333333
0.490000 83.333333
0.500000 81.372549
0.510000 80.392157
0.520000 79.411765
0.530000 78.431373
0.540000 78.431373
0.550000 78.431373
0.560000 77.450980
0.570000 77.450980
0.580000 76.470588
0.590000 75.490196
0.600000 75.490196
0.610000 73.529412
0.620000 70.588235
0.630000 68.627451
0.640000 68.627451
0.650000 66.666667
0.660000 66.666667
0.670000 64.705882
0.680000 63.725490
0.690000 63.725490
0.700000 62.745098
0.710000 61.764706
0.720000 58.823529
0.730000 58.823529
0.740000 58.823529
0.750000 55.882353
0.760000 55.882353
0.770000 54.901961
0.780000 53.921569
0.790000 50.980392
0.800000 48.039216
0.810000 48.039216
0.820000 46.078431
0.830000 46.078431
0.840000 45.098039
0.850000 44.117647
0.860000 42.156863
0.870000 41.176471
0.880000 37.254902
0.890000 35.294118
0.900000 34.313725
0.910000 33.333333
0.920000 29.411765
0.930000 29.411765
0.940000 23.529412
0.950000 22.549020
0.960000 16.666667
0.970000 15.686275
0.980000 8.823529
0.990000 4.901961
