0.000000 45.333333
0.010000 45.739910
0.020000 46.363636
0.030000 47.004608
0.040000 47.641509
0.050000 48.095238
0.060000 48.076923
0.070000 48.780488
0.080000 50.515464
0.090000 51.052632
0.100000 51.595745
0.110000 52.717391
0.120000 53.296703
0.130000 53.591160
0.140000 54.237288
0.150000 55.491329
0.160000 55.491329
0.170000 55.813953
0.180000 56.140351
0.190000 56.804734
0.200000 57.485030
0.210000 58.181818
0.220000 59.375000
0.230000 59.375000
0.240000 60.256410
0.250000 61.038961
0.260000 61.333333
0.270000 62.585034
0.280000 63.448276
0.290000 63.448276
0.300000 63.888889
0.310000 64.335664
0.320000 65.000000
0.330000 65.942029
0.340000 66.176471
0.350000 67.164179
0.360000 66.917293
0.370000 67.175573
0.380000 68.217054
0.390000 68.217054
0.400000 69.047619
0.410000 69.354839
0.420000 69.105691
0.430000 72.033898
0.440000 72.649573
0.450000 73.275862
0.460000 73.275862
0.470000 73.913043
0.480000 74.561404
0.490000 75.892857
0.500000 75.454545
0.510000 75.229358
0.520000 75.700935
0.530000 76.190476
0.540000 77.669903
0.550000 79.207921
0.560000 79.000000
0.570000 79.000000
0.580000 79.591837
0.590000 80.208333
0.600000 81.914894
0.610000 84.269663
0.620000 83.720930
0.630000 83.333333
0.640000 83.333333
0.650000 83.950617
0.660000 83.950617
0.670000 83.544304
0.680000 84.415584
0.690000 84.415584
0.700000 84.210526
0.710000 84.000000
0.720000 83.333333
0.730000 84.507042
0.740000 84.507042
0.750000 83.823529
0.760000 83.823529
0.770000 83.582090
0.780000 83.333333
0.790000 82.539683
0.800000 83.050847
0.810000 83.050847
0.820000 82.456140
0.830000 83.928571
0.840000 85.185185
0.850000 86.538462
0.860000 86.000000
0.870000 85.714286
0.880000 86.363636
0.890000 90.000000
0.900000 89.743590
0.910000 89.473684
0.920000 88.235294
0.930000 88.235294
0.940000 85.714286
0.950000 85.185185
0.960000 80.952381
0.970000 94.117647
0.980000 90.000000
0.990000 83.333333
