0.000000 100.000000 45.333333
0.010000 100.000000 45.333333
0.020000 100.000000 45.333333
0.030000 100.000000 45.333333
0.040000 100.000000 45.333333
0.050000 100.000000 45.333333
0.060000 100.000000 45.535714
0.070000 100.000000 45.739910
0.080000 100.000000 45.945946
0.090000 100.000000 46.153846
0.100000 100.000000 46.788991
0.110000 100.000000 47.441860
0.120000 100.000000 48.113208
0.130000 97.058824 48.529412
0.140000 96.078431 49.494949
0.150000 95.098039 50.520833
0.160000 93.137255 50.802139
0.170000 91.176471 51.098901
0.180000 88.235294 52.325581
0.190000 87.254902 53.939394
0.200000 86.274510 55.000000
0.210000 84.313725 55.128205
0.220000 83.333333 56.291391
0.230000 83.333333 57.823129
0.240000 82.352941 58.741259
0.250000 81.372549 59.285714
0.260000 81.372549 60.144928
0.270000 81.372549 60.144928
0.280000 79.411765 60.902256
0.290000 79.411765 61.832061
0.300000 77.450980 61.718750
0.310000 77.450980 62.204724
0.320000 76.470588 62.903226
0.330000 74.509804 62.809917
0.340000 73.529412 63.559322
0.350000 72.549020 64.347826
0.360000 72.549020 64.347826
0.370000 69.607843 65.137615
0.380000 68.627451 66.037736
0.390000 66.666667 66.019417
0.400000 64.705882 66.000000
0.410000 64.705882 66.000000
0.420000 61.764706 66.315789
0.430000 61.764706 68.478261
0.440000 57.843137 67.045455
0.450000 56.862745 68.235294
0.460000 56.862745 69.047619
0.470000 56.862745 70.731707
0.480000 56.862745 71.604938
0.490000 55.882353 72.151899
0.500000 55.882353 74.025974
0.510000 53.921569 74.324324
0.520000 51.960784 74.647887
0.530000 51.960784 74.647887
0.540000 50.980392 74.285714
0.550000 50.000000 76.119403
0.560000 47.058824 75.000000
0.570000 47.058824 75.000000
0.580000 46.078431 75.806452
0.590000 44.117647 75.000000
0.600000 41.176471 73.684211
0.610000 41.176471 75.000000
0.620000 40.196078 74.545455
0.630000 38.235294 75.000000
0.640000 37.254902 76.000000
0.650000 35.294118 76.595745
0.660000 33.333333 75.555556
0.670000 28.431373 76.315789
0.680000 27.450980 75.675676
0.690000 27.450980 75.675676
0.700000 25.490196 74.285714
0.710000 22.549020 74.193548
0.720000 21.568627 73.333333
0.730000 20.588235 72.413793
0.740000 19.607843 71.428571
0.750000 17.647059 72.000000
0.760000 12.745098 65.000000
0.770000 11.764706 66.666667
0.780000 9.803922 66.666667
0.790000 9.803922 66.666667
0.800000 7.843137 80.000000
0.810000 7.843137 80.000000
0.820000 5.882353 75.000000
0.830000 4.901961 71.428571
0.840000 3.921569 66.666667
0.850000 3.921569 66.666667
0.860000 3.921569 66.666667
0.870000 3.921569 66.666667
0.880000 3.921569 66.666667
0.890000 3.921569 66.666667
0.900000 3.921569 66.666667
0.910000 3.921569 66.666667
0.920000 3.921569 80.000000
0.930000 2.941176 75.000000
0.940000 1.960784 66.666667
0.950000 1.960784 66.666667
0.960000 0.980392 50.000000
0.970000 0.000000 0.000000
0.980000 0.000000 0.000000
0.990000 0.000000 0.000000
