0.000000 100.000000 45.374449
0.010000 100.000000 45.374449
0.020000 100.000000 45.575221
0.030000 100.000000 46.188341
0.040000 100.000000 46.188341
0.050000 100.000000 47.906977
0.060000 99.029126 48.113208
0.070000 97.087379 49.261084
0.080000 95.145631 50.515464
0.090000 94.174757 50.785340
0.100000 90.291262 51.955307
0.110000 88.349515 52.298851
0.120000 88.349515 53.529412
0.130000 85.436893 53.658537
0.140000 84.466019 55.769231
0.150000 84.466019 56.493506
0.160000 82.524272 57.046980
0.170000 81.553398 58.333333
0.180000 81.553398 61.313869
0.190000 78.640777 61.832061
0.200000 77.669903 62.500000
0.210000 75.728155 62.903226
0.220000 74.757282 63.114754
0.230000 70.873786 63.478261
0.240000 68.932039 63.392857
0.250000 68.932039 64.545455
0.260000 67.961165 64.814815
0.270000 67.961165 66.037736
0.280000 66.990291 66.346154
0.290000 66.990291 66.346154
0.300000 65.048544 66.336634
0.310000 65.048544 67.000000
0.320000 64.077670 68.041237
0.330000 61.165049 67.741935
0.340000 59.223301 67.777778
0.350000 58.252427 67.415730
0.360000 57.281553 67.816092
0.370000 56.310680 68.235294
0.380000 56.310680 69.047619
0.390000 56.310680 69.879518
0.400000 56.310680 69.879518
0.410000 56.310680 70.731707
0.420000 55.339806 70.370370
0.430000 53.398058 69.620253
0.440000 52.427184 69.230769
0.450000 50.485437 70.270270
0.460000 48.543689 70.422535
0.470000 46.601942 71.641791
0.480000 45.631068 72.307692
0.490000 45.631068 73.437500
0.500000 45.631068 73.437500
0.510000 45.631068 74.603175
0.520000 43.689320 73.770492
0.530000 43.689320 73.770492
0.540000 42.718447 74.576271
0.550000 42.718447 74.576271
0.560000 42.718447 74.576271
0.570000 41.747573 74.137931
0.580000 40.776699 75.000000
0.590000 38.834951 74.074074
0.600000 37.864078 76.470588
0.610000 35.922330 75.510204
0.620000 34.951456 76.595745
0.630000 34.951456 76.595745
0.640000 33.009709 77.272727
0.650000 31.067961 78.048780
0.660000 30.097087 77.500000
0.670000 28.155340 76.315789
0.680000 27.184466 77.777778
0.690000 25.242718 78.787879
0.700000 20.388350 75.000000
0.710000 18.446602 76.000000
0.720000 16.504854 77.272727
0.730000 12.621359 76.470588
0.740000 10.679612 73.333333
0.750000 9.708738 76.923077
0.760000 8.737864 75.000000
0.770000 6.796117 77.777778
0.780000 5.825243 75.000000
0.790000 5.825243 75.000000
0.800000 4.854369 71.428571
0.810000 3.883495 66.666667
0.820000 2.912621 60.000000
0.830000 1.941748 66.666667
0.840000 1.941748 66.666667
0.850000 1.941748 66.666667
0.860000 1.941748 66.666667
0.870000 1.941748 66.666667
0.880000 1.941748 66.666667
0.890000 0.970874 50.000000
0.900000 0.970874 50.000000
0.910000 0.970874 50.000000
0.920000 0.970874 50.000000
0.930000 0.970874 50.000000
0.940000 0.970874 50.000000
0.950000 0.000000 0.000000
0.960000 0.000000 0.000000
0.970000 0.000000 0.000000
0.980000 0.000000 0.000000
0.990000 0.000000 0.000000
