0.000000 100.000000 45.374449
0.010000 100.000000 45.982143
0.020000 100.000000 46.606335
0.030000 100.000000 47.906977
0.040000 99.029126 49.038462
0.050000 99.029126 49.514563
0.060000 97.087379 50.251256
0.070000 95.145631 50.515464
0.080000 94.174757 50.785340
0.090000 94.174757 51.595745
0.100000 93.203883 52.173913
0.110000 91.262136 52.222222
0.120000 87.378641 52.631579
0.130000 85.436893 52.071006
0.140000 85.436893 52.380952
0.150000 84.466019 55.063291
0.160000 82.524272 56.291391
0.170000 82.524272 57.046980
0.180000 81.553398 58.741259
0.190000 81.553398 60.431655
0.200000 80.582524 61.481481
0.210000 80.582524 61.940299
0.220000 78.640777 61.832061
0.230000 77.669903 62.015504
0.240000 73.786408 62.809917
0.250000 73.786408 63.333333
0.260000 72.815534 64.655172
0.270000 71.844660 64.912281
0.280000 71.844660 66.071429
0.290000 71.844660 66.666667
0.300000 70.873786 68.224299
0.310000 68.932039 68.932039
0.320000 64.077670 67.346939
0.330000 63.106796 67.010309
0.340000 59.223301 65.591398
0.350000 59.223301 65.591398
0.360000 59.223301 66.304348
0.370000 59.223301 66.304348
0.380000 57.281553 66.292135
0.390000 57.281553 66.292135
0.400000 54.368932 65.116279
0.410000 54.368932 65.882353
0.420000 53.398058 65.476190
0.430000 51.456311 64.634146
0.440000 51.456311 66.250000
0.450000 50.485437 66.666667
0.460000 50.485437 66.666667
0.470000 50.485437 67.532468
0.480000 50.485437 71.232877
0.490000 49.514563 71.830986
0.500000 49.514563 71.830986
0.510000 49.514563 72.857143
0.520000 47.572816 73.134328
0.530000 45.631068 72.307692
0.540000 45.631068 72.307692
0.550000 44.660194 73.015873
0.560000 43.689320 72.580645
0.570000 43.689320 73.770492
0.580000 42.718447 73.333333
0.590000 42.718447 73.333333
0.600000 39.805825 73.214286
0.610000 37.864078 76.470588
0.620000 35.922330 77.083333
0.630000 33.980583 77.777778
0.640000 31.067961 76.190476
0.650000 29.126214 76.923077
0.660000 26.213592 77.142857
0.670000 25.242718 76.470588
0.680000 23.300971 77.419355
0.690000 20.388350 80.769231
0.700000 16.504854 77.272727
0.710000 12.621359 81.250000
0.720000 10.679612 78.571429
0.730000 9.708738 76.923077
0.740000 8.737864 75.000000
0.750000 7.766990 72.727273
0.760000 7.766990 72.727273
0.770000 7.766990 80.000000
0.780000 6.796117 77.777778
0.790000 6.796117 87.500000
0.800000 6.796117 87.500000
0.810000 6.796117 87.500000
0.820000 6.796117 87.500000
0.830000 4.854369 83.333333
0.840000 3.883495 80.000000
0.850000 3.883495 80.000000
0.860000 3.883495 80.000000
0.870000 3.883495 80.000000
0.880000 2.912621 75.000000
0.890000 2.912621 75.000000
0.900000 1.941748 66.666667
0.910000 1.941748 66.666667
0.920000 1.941748 66.666667
0.930000 1.941748 66.666667
0.940000 0.970874 50.000000
0.950000 0.970874 50.000000
0.960000 0.970874 50.000000
0.970000 0.000000 0.000000
0.980000 0.000000 0.000000
0.990000 0.000000 0.000000
