0.000000 100.000000 45.374449
0.010000 100.000000 47.906977
0.020000 99.029126 49.756098
0.030000 99.029126 50.495050
0.040000 97.087379 50.000000
0.050000 96.116505 50.253807
0.060000 94.174757 50.000000
0.070000 94.174757 50.520833
0.080000 94.174757 51.595745
0.090000 93.203883 52.459016
0.100000 92.233010 52.486188
0.110000 90.291262 52.840909
0.120000 89.320388 53.801170
0.130000 88.349515 54.491018
0.140000 87.378641 55.900621
0.150000 87.378641 57.324841
0.160000 81.553398 56.756757
0.170000 80.582524 57.638889
0.180000 80.582524 58.041958
0.190000 80.582524 60.583942
0.200000 80.582524 61.481481
0.210000 80.582524 62.878788
0.220000 79.611650 62.595420
0.230000 78.640777 63.779528
0.240000 77.669903 63.492063
0.250000 72.815534 63.559322
0.260000 72.815534 64.655172
0.270000 72.815534 65.789474
0.280000 72.815534 65.789474
0.290000 71.844660 65.486726
0.300000 70.873786 65.765766
0.310000 70.873786 66.363636
0.320000 68.932039 65.740741
0.330000 67.961165 65.420561
0.340000 66.019417 65.384615
0.350000 63.106796 65.656566
0.360000 63.106796 66.326531
0.370000 63.106796 67.708333
0.380000 60.194175 66.666667
0.390000 60.194175 67.391304
0.400000 60.194175 67.391304
0.410000 57.281553 66.292135
0.420000 56.310680 65.909091
0.430000 54.368932 65.116279
0.440000 51.456311 64.634146
0.450000 51.456311 65.432099
0.460000 51.456311 67.948718
0.470000 48.543689 66.666667
0.480000 48.543689 67.567568
0.490000 48.543689 69.444444
0.500000 48.543689 71.428571
0.510000 47.572816 71.014493
0.520000 47.572816 71.014493
0.530000 45.631068 72.307692
0.540000 44.660194 71.875000
0.550000 44.660194 74.193548
0.560000 43.689320 73.770492
0.570000 42.718447 77.192982
0.580000 40.776699 77.777778
0.590000 39.805825 77.358491
0.600000 38.834951 76.923077
0.610000 37.864078 78.000000
0.620000 33.980583 76.086957
0.630000 30.097087 75.609756
0.640000 29.126214 76.923077
0.650000 26.213592 75.000000
0.660000 24.271845 75.757576
0.670000 21.359223 73.333333
0.680000 21.359223 78.571429
0.690000 18.446602 76.000000
0.700000 16.504854 80.952381
0.710000 15.533981 80.000000
0.720000 12.621359 81.250000
0.730000 12.621359 81.250000
0.740000 10.679612 78.571429
0.750000 8.737864 75.000000
0.760000 8.737864 75.000000
0.770000 7.766990 80.000000
0.780000 7.766990 80.000000
0.790000 6.796117 87.500000
0.800000 6.796117 87.500000
0.810000 6.796117 87.500000
0.820000 6.796117 87.500000
0.830000 6.796117 87.500000
0.840000 5.825243 85.714286
0.850000 4.854369 83.333333
0.860000 4.854369 83.333333
0.870000 3.883495 80.000000
0.880000 3.883495 80.000000
0.890000 2.912621 75.000000
0.900000 2.912621 75.000000
0.910000 2.912621 75.000000
0.920000 2.912621 75.000000
0.930000 1.941748 66.666667
0.940000 1.941748 66.666667
0.950000 1.941748 66.666667
0.960000 1.941748 66.666667
0.970000 1.941748 66.666667
0.980000 0.970874 50.000000
0.990000 0.970874 50.000000
