0.000000 100.000000 45.374449
0.010000 100.000000 46.188341
0.020000 100.000000 48.356808
0.030000 99.029126 49.275362
0.040000 99.029126 50.246305
0.050000 98.058252 50.248756
0.060000 95.145631 50.000000
0.070000 95.145631 50.515464
0.080000 94.174757 51.052632
0.090000 93.203883 51.891892
0.100000 93.203883 52.747253
0.110000 91.262136 52.808989
0.120000 91.262136 53.409091
0.130000 89.320388 54.437870
0.140000 84.466019 53.374233
0.150000 84.466019 55.414013
0.160000 82.524272 56.291391
0.170000 81.553398 56.756757
0.180000 81.553398 58.333333
0.190000 81.553398 59.574468
0.200000 81.553398 60.869565
0.210000 81.553398 62.222222
0.220000 81.553398 62.222222
0.230000 77.669903 62.500000
0.240000 75.728155 62.903226
0.250000 74.757282 63.636364
0.260000 73.786408 63.865546
0.270000 73.786408 64.406780
0.280000 73.786408 66.086957
0.290000 72.815534 65.789474
0.300000 72.815534 66.964286
0.310000 69.902913 66.055046
0.320000 68.932039 65.740741
0.330000 66.019417 65.384615
0.340000 65.048544 65.048544
0.350000 62.135922 65.306122
0.360000 61.165049 65.625000
0.370000 61.165049 67.021277
0.380000 58.252427 65.934066
0.390000 57.281553 65.555556
0.400000 57.281553 65.555556
0.410000 55.339806 65.517241
0.420000 55.339806 66.279070
0.430000 54.368932 66.666667
0.440000 50.485437 65.000000
0.450000 48.543689 64.102564
0.460000 48.543689 66.666667
0.470000 48.543689 67.567568
0.480000 48.543689 67.567568
0.490000 48.543689 69.444444
0.500000 48.543689 69.444444
0.510000 47.572816 70.000000
0.520000 47.572816 70.000000
0.530000 46.601942 70.588235
0.540000 45.631068 71.212121
0.550000 45.631068 72.307692
0.560000 44.660194 71.875000
0.570000 43.689320 73.770492
0.580000 42.718447 77.192982
0.590000 40.776699 76.363636
0.600000 39.805825 77.358491
0.610000 37.864078 76.470588
0.620000 35.922330 77.083333
0.630000 33.980583 79.545455
0.640000 29.126214 78.947368
0.650000 28.155340 78.378378
0.660000 26.213592 77.142857
0.670000 24.271845 75.757576
0.680000 20.388350 75.000000
0.690000 18.446602 76.000000
0.700000 14.563107 78.947368
0.710000 12.621359 81.250000
0.720000 11.650485 80.000000
0.730000 11.650485 80.000000
0.740000 9.708738 76.923077
0.750000 7.766990 72.727273
0.760000 7.766990 72.727273
0.770000 7.766990 80.000000
0.780000 6.796117 77.777778
0.790000 6.796117 77.777778
0.800000 6.796117 87.500000
0.810000 6.796117 87.500000
0.820000 6.796117 87.500000
0.830000 6.796117 87.500000
0.840000 6.796117 87.500000
0.850000 4.854369 83.333333
0.860000 3.883495 80.000000
0.870000 3.883495 80.000000
0.880000 3.883495 80.000000
0.890000 2.912621 75.000000
0.900000 2.912621 75.000000
0.910000 2.912621 75.000000
0.920000 1.941748 66.666667
0.930000 1.941748 66.666667
0.940000 1.941748 66.666667
0.950000 1.941748 66.666667
0.960000 0.970874 50.000000
0.970000 0.970874 50.000000
0.980000 0.970874 50.000000
0.990000 0.000000 0.000000
