0.000000 100.000000
0.010000 100.000000
0.020000 100.000000
0.030000 100.000000
0.040000 100.000000
0.050000 100.000000
0.060000 100.000000
0.070000 100.000000
0.080000 100.000000
0.090000 100.000000
0.100000 100.000000
0.110000 100.000000
0.120000 100.000000
0.130000 97.058824
0.140000 96.078431
0.150000 95.098039
0.160000 93.137255
0.170000 91.176471
0.180000 88.235294
0.190000 87.254902
0.200000 86.274510
0.210000 84.313725
0.220000 83.333333
0.230000 83.333333
0.240000 82.352941
0.250000 81.372549
0.260000 81.372549
0.270000 81.372549
0.280000 79.411765
0.290000 79.411765
0.300000 77.450980
0.310000 77.450980
0.320000 76.470588
0.330000 74.509804
0.340000 73.529412
0.350000 72.549020
0.360000 72.549020
0.370000 69.607843
0.380000 68.627451
0.390000 66.666667
0.400000 64.705882
0.410000 64.705882
0.420000 61.764706
0.430000 61.764706
0.440000 57.843137
0.450000 56.862745
0.460000 56.862745
0.470000 56.862745
0.480000 56.862745
0.490000 55.882353
0.500000 55.882353
0.510000 53.921569
0.520000 51.960784
0.530000 51.960784
0.540000 50.980392
0.550000 50.000000
0.560000 47.058824
0.570000 47.058824
0.580000 46.078431
0.590000 44.117647
0.600000 41.176471
0.610000 41.176471
0.620000 40.196078
0.630000 38.235294
0.640000 37.254902
0.650000 35.294118
0.660000 33.333333
0.670000 28.431373
0.680000 27.450980
0.690000 27.450980
0.700000 25.490196
0.710000 22.549020
0.720000 21.568627
0.730000 20.588235
0.740000 19.607843
0.750000 17.647059
0.760000 12.745098
0.770000 11.764706
0.780000 9.803922
0.790000 9.803922
0.800000 7.843137
0.810000 7.843137
0.820000 5.882353
0.830000 4.901961
0.840000 3.921569
0.850000 3.921569
0.860000 3.921569
0.870000 3.921569
0.880000 3.921569
0.890000 3.921569
0.900000 3.921569
0.910000 3.921569
0.920000 3.921569
0.930000 2.941176
0.940000 1.960784
0.950000 1.960784
0.960000 0.980392
0.970000 0.000000
0.980000 0.000000
0.990000 0.000000
