0.000000 45.333333
0.010000 45.333333
0.020000 45.333333
0.030000 45.333333
0.040000 45.333333
0.050000 45.333333
0.060000 45.535714
0.070000 45.739910
0.080000 45.945946
0.090000 46.153846
0.100000 46.788991
0.110000 47.441860
0.120000 48.113208
0.130000 48.529412
0.140000 49.494949
0.150000 50.520833
0.160000 50.802139
0.170000 51.098901
0.180000 52.325581
0.190000 53.939394
0.200000 55.000000
0.210000 55.128205
0.220000 56.291391
0.230000 57.823129
0.240000 58.741259
0.250000 59.285714
0.260000 60.144928
0.270000 60.144928
0.280000 60.902256
0.290000 61.832061
0.300000 61.718750
0.310000 62.204724
0.320000 62.903226
0.330000 62.809917
0.340000 63.559322
0.350000 64.347826
0.360000 64.347826
0.370000 65.137615
0.380000 66.037736
0.390000 66.019417
0.400000 66.000000
0.410000 66.000000
0.420000 66.315789
0.430000 68.478261
0.440000 67.045455
0.450000 68.235294
0.460000 69.047619
0.470000 70.731707
0.480000 71.604938
0.490000 72.151899
0.500000 74.025974
0.510000 74.324324
0.520000 74.647887
0.530000 74.647887
0.540000 74.285714
0.550000 76.119403
0.560000 75.000000
0.570000 75.000000
0.580000 75.806452
0.590000 75.000000
0.600000 73.684211
0.610000 75.000000
0.620000 74.545455
0.630000 75.000000
0.640000 76.000000
0.650000 76.595745
0.660000 75.555556
0.670000 76.315789
0.680000 75.675676
0.690000 75.675676
0.700000 74.285714
0.710000 74.193548
0.720000 73.333333
0.730000 72.413793
0.740000 71.428571
0.750000 72.000000
0.760000 65.000000
0.770000 66.666667
0.780000 66.666667
0.790000 66.666667
0.800000 80.000000
0.810000 80.000000
0.820000 75.000000
0.830000 71.428571
0.840000 66.666667
0.850000 66.666667
0.860000 66.666667
0.870000 66.666667
0.880000 66.666667
0.890000 66.666667
0.900000 66.666667
0.910000 66.666667
0.920000 80.000000
0.930000 75.000000
0.940000 66.666667
0.950000 66.666667
0.960000 50.000000
0.970000 0.000000
0.980000 0.000000
0.990000 0.000000
