0.000000 100.000000 45.333333
0.010000 99.019608 46.759259
0.020000 98.039216 49.019608
0.030000 97.058824 50.253807
0.040000 97.058824 52.380952
0.050000 97.058824 52.659574
0.060000 97.058824 52.941176
0.070000 96.078431 54.143646
0.080000 96.078431 54.748603
0.090000 96.078431 56.000000
0.100000 96.078431 56.647399
0.110000 96.078431 56.976744
0.120000 95.098039 58.787879
0.130000 93.137255 59.006211
0.140000 93.137255 59.375000
0.150000 93.137255 60.509554
0.160000 92.156863 61.038961
0.170000 92.156863 61.437908
0.180000 92.156863 62.666667
0.190000 92.156863 63.513514
0.200000 92.156863 65.277778
0.210000 92.156863 65.277778
0.220000 92.156863 65.734266
0.230000 92.156863 65.734266
0.240000 91.176471 65.492958
0.250000 91.176471 65.957447
0.260000 91.176471 67.883212
0.270000 91.176471 69.402985
0.280000 91.176471 70.454545
0.290000 91.176471 70.992366
0.300000 91.176471 72.093023
0.310000 90.196078 72.440945
0.320000 90.196078 74.193548
0.330000 90.196078 74.796748
0.340000 90.196078 74.796748
0.350000 88.235294 75.000000
0.360000 88.235294 75.000000
0.370000 88.235294 75.000000
0.380000 88.235294 75.630252
0.390000 87.254902 76.068376
0.400000 87.254902 76.068376
0.410000 87.254902 76.724138
0.420000 87.254902 76.724138
0.430000 86.274510 77.192982
0.440000 85.294118 76.991150
0.450000 85.294118 76.991150
0.460000 85.294118 76.991150
0.470000 85.294118 76.991150
0.480000 85.294118 77.678571
0.490000 85.294118 78.378378
0.500000 85.294118 79.090909
0.510000 84.313725 79.629630
0.520000 82.352941 80.000000
0.530000 81.372549 79.807692
0.540000 81.372549 80.582524
0.550000 81.372549 80.582524
0.560000 81.372549 81.372549
0.570000 80.392157 81.188119
0.580000 80.392157 82.000000
0.590000 79.411765 81.818182
0.600000 79.411765 81.818182
0.610000 79.411765 81.818182
0.620000 79.411765 81.818182
0.630000 78.431373 81.632653
0.640000 76.470588 82.978723
0.650000 76.470588 82.978723
0.660000 75.490196 82.795699
0.670000 73.529412 83.333333
0.680000 72.549020 84.090909
0.690000 70.588235 83.720930
0.700000 70.588235 83.720930
0.710000 70.588235 85.714286
0.720000 70.588235 86.746988
0.730000 69.607843 86.585366
0.740000 69.607843 86.585366
0.750000 68.627451 86.419753
0.760000 68.627451 87.500000
0.770000 66.666667 88.311688
0.780000 65.686275 88.157895
0.790000 64.705882 89.189189
0.800000 63.725490 90.277778
0.810000 61.764706 92.647059
0.820000 61.764706 92.647059
0.830000 61.764706 92.647059
0.840000 61.764706 92.647059
0.850000 59.803922 92.424242
0.860000 57.843137 93.650794
0.870000 57.843137 95.161290
0.880000 56.862745 95.081967
0.890000 52.941176 94.736842
0.900000 50.000000 96.226415
0.910000 47.058824 96.000000
0.920000 45.098039 95.833333
0.930000 42.156863 95.555556
0.940000 37.254902 95.000000
0.950000 27.450980 93.333333
0.960000 22.549020 92.000000
0.970000 18.627451 90.476190
0.980000 11.764706 92.307692
0.990000 4.901961 100.000000
