0.000000 100.000000
0.010000 99.019608
0.020000 98.039216
0.030000 97.058824
0.040000 97.058824
0.050000 97.058824
0.060000 97.058824
0.070000 96.078431
0.080000 96.078431
0.090000 96.078431
0.100000 96.078431
0.110000 96.078431
0.120000 95.098039
0.130000 93.137255
0.140000 93.137255
0.150000 93.137255
0.160000 92.156863
0.170000 92.156863
0.180000 92.156863
0.190000 92.156863
0.200000 92.156863
0.210000 92.156863
0.220000 92.156863
0.230000 92.156863
0.240000 91.176471
0.250000 91.176471
0.260000 91.176471
0.270000 91.176471
0.280000 91.176471
0.290000 91.176471
0.300000 91.176471
0.310000 90.196078
0.320000 90.196078
0.330000 90.196078
0.340000 90.196078
0.350000 88.235294
0.360000 88.235294
0.370000 88.235294
0.380000 88.235294
0.390000 87.254902
0.400000 87.254902
0.410000 87.254902
0.420000 87.254902
0.430000 86.274510
0.440000 85.294118
0.450000 85.294118
0.460000 85.294118
0.470000 85.294118
0.480000 85.294118
0.490000 85.294118
0.500000 85.294118
0.510000 84.313725
0.520000 82.352941
0.530000 81.372549
0.540000 81.372549
0.550000 81.372549
0.560000 81.372549
0.570000 80.392157
0.580000 80.392157
0.590000 79.411765
0.600000 79.411765
0.610000 79.411765
0.620000 79.411765
0.630000 78.431373
0.640000 76.470588
0.650000 76.470588
0.660000 75.490196
0.670000 73.529412
0.680000 72.549020
0.690000 70.588235
0.700000 70.588235
0.710000 70.588235
0.720000 70.588235
0.730000 69.607843
0.740000 69.607843
0.750000 68.627451
0.760000 68.627451
0.770000 66.666667
0.780000 65.686275
0.790000 64.705882
0.800000 63.725490
0.810000 61.764706
0.820000 61.764706
0.830000 61.764706
0.840000 61.764706
0.850000 59.803922
0.860000 57.843137
0.870000 57.843137
0.880000 56.862745
0.890000 52.941176
0.900000 50.000000
0.910000 47.058824
0.920000 45.098039
0.930000 42.156863
0.940000 37.254902
0.950000 27.450980
0.960000 22.549020
0.970000 18.627451
0.980000 11.764706
0.990000 4.901961
