0.000000 45.333333
0.010000 46.759259
0.020000 49.019608
0.030000 50.253807
0.040000 52.380952
0.050000 52.659574
0.060000 52.941176
0.070000 54.143646
0.080000 54.748603
0.090000 56.000000
0.100000 56.647399
0.110000 56.976744
0.120000 58.787879
0.130000 59.006211
0.140000 59.375000
0.150000 60.509554
0.160000 61.038961
0.170000 61.437908
0.180000 62.666667
0.190000 63.513514
0.200000 65.277778
0.210000 65.277778
0.220000 65.734266
0.230000 65.734266
0.240000 65.492958
0.250000 65.957447
0.260000 67.883212
0.270000 69.402985
0.280000 70.454545
0.290000 70.992366
0.300000 72.093023
0.310000 72.440945
0.320000 74.193548
0.330000 74.796748
0.340000 74.796748
0.350000 75.000000
0.360000 75.000000
0.370000 75.000000
0.380000 75.630252
0.390000 76.068376
0.400000 76.068376
0.410000 76.724138
0.420000 76.724138
0.430000 77.192982
0.440000 76.991150
0.450000 76.991150
0.460000 76.991150
0.470000 76.991150
0.480000 77.678571
0.490000 78.378378
0.500000 79.090909
0.510000 79.629630
0.520000 80.000000
0.530000 79.807692
0.540000 80.582524
0.550000 80.582524
0.560000 81.372549
0.570000 81.188119
0.580000 82.000000
0.590000 81.818182
0.600000 81.818182
0.610000 81.818182
0.620000 81.818182
0.630000 81.632653
0.640000 82.978723
0.650000 82.978723
0.660000 82.795699
0.670000 83.333333
0.680000 84.090909
0.690000 83.720930
0.700000 83.720930
0.710000 85.714286
0.720000 86.746988
0.730000 86.585366
0.740000 86.585366
0.750000 86.419753
0.760000 87.500000
0.770000 88.311688
0.780000 88.157895
0.790000 89.189189
0.800000 90.277778
0.810000 92.647059
0.820000 92.647059
0.830000 92.647059
0.840000 92.647059
0.850000 92.424242
0.860000 93.650794
0.870000 95.161290
0.880000 95.081967
0.890000 94.736842
0.900000 96.226415
0.910000 96.000000
0.920000 95.833333
0.930000 95.555556
0.940000 95.000000
0.950000 93.333333
0.960000 92.000000
0.970000 90.476190
0.980000 92.307692
0.990000 100.000000
