0.265731
1.124063
0.019375
0.187311
1.228853
0.149939
0.708868
0.036418
1.310959
0.827419
0.799673
0.499687
1.633541
0.667975
0.535061
0.111206
0.253961
0.430396
0.137271
0.368675
1410.577632
3.719747
1.144874
1.262739
1.060864
0.896723
3.233346
0.860504
2.571560
2.190697
1.276887
2.428267
1.663603
1.480283
0.863347
1.056764
0.807836
0.799365
1.232618
1.227507
0.034120
0.888250
0.126503
0.069688
0.696210
0.278239
0.452138
0.442232
0.183325
0.209801
0.146447
0.194243
0.597940
0.329771
0.478692
0.182823
0.513820
0.169485
0.182035
0.041635
0.430631
1.600864
0.017153
0.757824
0.326120
0.384668
2.079618
0.095402
0.146430
1.015853
0.932695
0.181057
1.831934
0.211186
0.945682
0.075091
0.018620
0.564694
0.064023
0.755819
1.699525
1.258066
0.280339
0.010149
0.290824
0.025152
1.370559
1.899333
1.331503
2.390810
1.984027
0.434566
6.007652
0.724858
2.056289
0.633567
0.854170
0.283908
0.977899
1.242103
0.070553
0.643263
0.090590
0.490257
0.527540
0.501743
0.708630
0.098508
1.521428
0.264310
0.361080
0.188925
0.889418
0.483464
0.148388
0.154692
0.227257
0.207260
0.205919
0.370543
0.789806
2.628472
0.224153
1.295280
0.952326
0.646026
1.869219
0.807946
1.065151
1.658456
1.254260
1.102622
2.067786
0.982949
0.887937
0.634692
0.284594
0.258256
1.086480
1.026111
0.275272
1.384460
0.325924
0.226322
0.845505
0.303121
0.538473
0.023163
0.805252
0.772475
0.646054
0.532915
0.518340
0.607491
0.844082
0.240712
0.490813
0.044823
0.146744
0.292147
1.132028
4.230317
0.469799
0.744900
6.058742
1.272730
1.165359
0.979620
1.768892
2.205994
2.101351
1.609028
2.716966
0.800071
1.453282
0.097074
0.141030
3.307256
0.747067
1.002986
0.799420
1.589153
0.268829
1.149784
5.238332
0.279668
1.550922
0.633802
2.590422
1.778327
1.504844
1.021345
2.695492
0.932166
0.967592
0.503298
0.192675
1.490446
0.628773
1.731996
0.674352
1.641379
0.287546
0.748755
2.028549
0.694041
1.343878
0.587234
2.474168
1.462205
1.104658
0.991592
1.590524
0.835295
0.902912
0.377144
0.110493
1.121167
0.968303
1.065039
0.467618
1.821315
0.111881
0.254242
1.463073
0.522436
0.828855
1.045507
1.411410
1.009886
0.800000
0.555677
1.054401
0.581943
0.558601
0.319603
0.085779
0.063301
0.719500
0.414655
1.286341
1.502494
0.616104
1.612501
2.077824
0.630074
2.369927
1.186935
5.266075
2.107323
1.744361
0.346084
1.829585
2.667226
1.515824
0.748286
0.712035
1.502878
1.506897
1.618194
0.295588
1.375832
0.069538
0.689616
0.925058
0.480083
1.243774
0.581072
1.683975
1.046731
1.289521
0.249049
2.201320
1.103543
1.300479
0.014461
0.083518
1.460992
0.365226
0.564052
0.386478
0.898774
0.270837
0.710852
2.156903
0.432139
1.378417
0.479829
0.976256
1.104018
1.330766
0.760734
0.878905
0.690975
0.260182
0.581967
0.141888
0.179032
0.933400
0.611322
0.229226
0.980459
0.043715
0.058108
0.278622
0.175742
0.481832
0.217204
0.464943
0.443412
0.404053
0.443042
0.649444
0.002044
0.434768
0.000733
0.253826
0.128637
0.081704
0.031420
0.112769
1.120106
0.716233
0.021914
0.110277
0.060668
0.017535
0.173223
0.441058
0.104016
0.062232
0.230979
0.402484
0.102952
0.129211
0.373927
0.500077
0.179416
0.166965
0.153137
0.092632
0.833279
0.123844
0.043439
0.118631
0.937477
0.600020
0.597357
0.854699
1.073936
1.024903
0.638323
0.095295
0.169745
0.472883
0.186230
0.390067
0.255527
0.269688
0.556456
0.320420
0.906071
0.004218
0.131963
0.578837
0.008513
0.994285
0.223635
0.295928
0.691793
1.009805
0.798498
3.021677
0.793738
0.241695
0.003503
0.086914
0.243345
0.032153
0.396859
0.554662
1.182013
0.035947
0.428558
1.410202
0.140941
0.993160
0.228630
1.362152
1.739822
1.083303
0.378107
1.399621
0.441295
0.907978
0.112102
0.069196
0.046678
0.627007
0.910665
