0.000000 100.000000 44.888889
0.010000 100.000000 47.641509
0.020000 96.039604 50.259067
0.030000 91.089109 51.111111
0.040000 91.089109 52.571429
0.050000 90.099010 54.491018
0.060000 88.118812 56.687898
0.070000 88.118812 58.169935
0.080000 88.118812 61.379310
0.090000 87.128713 61.538462
0.100000 87.128713 62.857143
0.110000 87.128713 63.768116
0.120000 87.128713 65.671642
0.130000 86.138614 65.909091
0.140000 86.138614 65.909091
0.150000 85.148515 67.187500
0.160000 85.148515 67.716535
0.170000 85.148515 68.800000
0.180000 85.148515 69.918699
0.190000 85.148515 69.918699
0.200000 85.148515 71.666667
0.210000 85.148515 73.504274
0.220000 85.148515 75.438596
0.230000 85.148515 76.106195
0.240000 84.158416 75.892857
0.250000 84.158416 77.272727
0.260000 84.158416 77.981651
0.270000 84.158416 77.981651
0.280000 84.158416 78.703704
0.290000 84.158416 79.439252
0.300000 84.158416 79.439252
0.310000 84.158416 80.188679
0.320000 83.168317 80.000000
0.330000 82.178218 79.807692
0.340000 82.178218 80.582524
0.350000 82.178218 80.582524
0.360000 82.178218 82.178218
0.370000 82.178218 82.178218
0.380000 82.178218 82.178218
0.390000 82.178218 82.178218
0.400000 81.188119 83.673469
0.410000 81.188119 83.673469
0.420000 80.198020 83.505155
0.430000 80.198020 83.505155
0.440000 80.198020 83.505155
0.450000 80.198020 83.505155
0.460000 80.198020 84.375000
0.470000 79.207921 85.106383
0.480000 79.207921 85.106383
0.490000 79.207921 85.106383
0.500000 79.207921 85.106383
0.510000 78.217822 85.869565
0.520000 78.217822 85.869565
0.530000 78.217822 86.813187
0.540000 78.217822 86.813187
0.550000 77.227723 86.666667
0.560000 75.247525 87.356322
0.570000 75.247525 87.356322
0.580000 75.247525 88.372093
0.590000 75.247525 89.411765
0.600000 74.257426 92.592593
0.610000 74.257426 92.592593
0.620000 74.257426 92.592593
0.630000 74.257426 92.592593
0.640000 73.267327 92.500000
0.650000 73.267327 92.500000
0.660000 73.267327 92.500000
0.670000 72.277228 92.405063
0.680000 72.277228 92.405063
0.690000 70.297030 92.207792
0.700000 70.297030 92.207792
0.710000 68.316832 92.000000
0.720000 65.346535 91.666667
0.730000 64.356436 91.549296
0.740000 64.356436 91.549296
0.750000 60.396040 91.044776
0.760000 59.405941 92.307692
0.770000 59.405941 92.307692
0.780000 59.405941 92.307692
0.790000 59.405941 92.307692
0.800000 58.415842 92.187500
0.810000 57.425743 92.063492
0.820000 57.425743 92.063492
0.830000 57.425743 93.548387
0.840000 55.445545 93.333333
0.850000 52.475248 92.982456
0.860000 50.495050 94.444444
0.870000 48.514851 94.230769
0.880000 44.554455 93.750000
0.890000 44.554455 93.750000
0.900000 40.594059 93.181818
0.910000 38.613861 92.857143
0.920000 35.643564 94.736842
0.930000 35.643564 94.736842
0.940000 29.702970 93.750000
0.950000 27.722772 93.333333
0.960000 22.772277 92.000000
0.970000 17.821782 94.736842
0.980000 9.900990 100.000000
0.990000 3.960396 100.000000
