0.000000 100.000000 44.933921
0.010000 90.196078 68.656716
0.020000 90.196078 73.015873
0.030000 89.215686 73.387097
0.040000 87.254902 72.950820
0.050000 87.254902 72.950820
0.060000 86.274510 72.727273
0.070000 86.274510 72.727273
0.080000 86.274510 73.949580
0.090000 86.274510 73.949580
0.100000 86.274510 75.213675
0.110000 85.294118 75.652174
0.120000 85.294118 75.652174
0.130000 85.294118 75.652174
0.140000 84.313725 75.438596
0.150000 84.313725 76.106195
0.160000 84.313725 76.106195
0.170000 84.313725 76.785714
0.180000 84.313725 76.785714
0.190000 84.313725 77.477477
0.200000 84.313725 77.477477
0.210000 84.313725 77.477477
0.220000 84.313725 77.477477
0.230000 84.313725 77.477477
0.240000 84.313725 77.477477
0.250000 84.313725 77.477477
0.260000 84.313725 77.477477
0.270000 84.313725 77.477477
0.280000 84.313725 77.477477
0.290000 84.313725 78.899083
0.300000 84.313725 78.899083
0.310000 84.313725 78.899083
0.320000 84.313725 78.899083
0.330000 84.313725 78.899083
0.340000 83.333333 79.439252
0.350000 83.333333 79.439252
0.360000 83.333333 79.439252
0.370000 83.333333 79.439252
0.380000 82.352941 79.245283
0.390000 82.352941 79.245283
0.400000 82.352941 79.245283
0.410000 82.352941 80.000000
0.420000 82.352941 80.000000
0.430000 82.352941 80.000000
0.440000 82.352941 80.000000
0.450000 82.352941 80.769231
0.460000 82.352941 81.553398
0.470000 82.352941 81.553398
0.480000 82.352941 81.553398
0.490000 82.352941 81.553398
0.500000 82.352941 83.168317
0.510000 82.352941 84.000000
0.520000 82.352941 84.000000
0.530000 82.352941 84.000000
0.540000 82.352941 84.000000
0.550000 82.352941 84.000000
0.560000 82.352941 84.000000
0.570000 82.352941 84.000000
0.580000 82.352941 84.000000
0.590000 82.352941 84.000000
0.600000 82.352941 84.000000
0.610000 82.352941 84.000000
0.620000 82.352941 84.000000
0.630000 82.352941 84.000000
0.640000 82.352941 84.848485
0.650000 82.352941 84.848485
0.660000 82.352941 84.848485
0.670000 82.352941 84.848485
0.680000 82.352941 85.714286
0.690000 81.372549 85.567010
0.700000 80.392157 85.416667
0.710000 80.392157 85.416667
0.720000 80.392157 85.416667
0.730000 80.392157 85.416667
0.740000 80.392157 85.416667
0.750000 80.392157 85.416667
0.760000 80.392157 85.416667
0.770000 80.392157 85.416667
0.780000 80.392157 86.315789
0.790000 79.411765 86.170213
0.800000 79.411765 87.096774
0.810000 79.411765 88.043478
0.820000 79.411765 88.043478
0.830000 79.411765 88.043478
0.840000 79.411765 88.043478
0.850000 78.431373 87.912088
0.860000 78.431373 87.912088
0.870000 78.431373 87.912088
0.880000 78.431373 88.888889
0.890000 78.431373 88.888889
0.900000 77.450980 88.764045
0.910000 76.470588 88.636364
0.920000 76.470588 88.636364
0.930000 76.470588 88.636364
0.940000 75.490196 89.534884
0.950000 75.490196 89.534884
0.960000 73.529412 90.361446
0.970000 72.549020 90.243902
0.980000 69.607843 91.025641
0.990000 64.705882 92.957746
