0.000000 100.000000 44.933921
0.010000 93.137255 71.969697
0.020000 90.196078 74.193548
0.030000 90.196078 74.193548
0.040000 89.215686 76.470588
0.050000 89.215686 76.470588
0.060000 89.215686 76.470588
0.070000 89.215686 76.470588
0.080000 89.215686 76.470588
0.090000 88.235294 76.923077
0.100000 88.235294 76.923077
0.110000 88.235294 77.586207
0.120000 86.274510 77.192982
0.130000 86.274510 77.192982
0.140000 86.274510 77.192982
0.150000 86.274510 77.876106
0.160000 86.274510 78.571429
0.170000 86.274510 78.571429
0.180000 86.274510 79.279279
0.190000 86.274510 79.279279
0.200000 86.274510 79.279279
0.210000 86.274510 79.279279
0.220000 86.274510 79.279279
0.230000 86.274510 79.279279
0.240000 86.274510 79.279279
0.250000 86.274510 80.000000
0.260000 86.274510 80.000000
0.270000 86.274510 80.000000
0.280000 86.274510 80.000000
0.290000 86.274510 80.733945
0.300000 86.274510 80.733945
0.310000 86.274510 80.733945
0.320000 86.274510 80.733945
0.330000 85.294118 80.555556
0.340000 85.294118 80.555556
0.350000 85.294118 80.555556
0.360000 85.294118 80.555556
0.370000 85.294118 80.555556
0.380000 85.294118 81.308411
0.390000 85.294118 82.075472
0.400000 85.294118 82.075472
0.410000 85.294118 82.075472
0.420000 85.294118 82.857143
0.430000 85.294118 82.857143
0.440000 85.294118 82.857143
0.450000 84.313725 82.692308
0.460000 84.313725 82.692308
0.470000 84.313725 82.692308
0.480000 84.313725 82.692308
0.490000 84.313725 83.495146
0.500000 83.333333 83.333333
0.510000 83.333333 84.158416
0.520000 83.333333 85.000000
0.530000 83.333333 85.000000
0.540000 83.333333 85.000000
0.550000 83.333333 85.000000
0.560000 83.333333 85.000000
0.570000 82.352941 84.848485
0.580000 82.352941 84.848485
0.590000 82.352941 84.848485
0.600000 82.352941 84.848485
0.610000 82.352941 84.848485
0.620000 82.352941 84.848485
0.630000 82.352941 84.848485
0.640000 82.352941 84.848485
0.650000 82.352941 84.848485
0.660000 81.372549 84.693878
0.670000 81.372549 84.693878
0.680000 81.372549 84.693878
0.690000 81.372549 84.693878
0.700000 81.372549 84.693878
0.710000 81.372549 84.693878
0.720000 81.372549 84.693878
0.730000 81.372549 84.693878
0.740000 81.372549 85.567010
0.750000 81.372549 85.567010
0.760000 81.372549 85.567010
0.770000 80.392157 85.416667
0.780000 79.411765 85.263158
0.790000 79.411765 85.263158
0.800000 78.431373 85.106383
0.810000 78.431373 86.021505
0.820000 77.450980 85.869565
0.830000 77.450980 85.869565
0.840000 77.450980 85.869565
0.850000 77.450980 85.869565
0.860000 77.450980 85.869565
0.870000 76.470588 85.714286
0.880000 75.490196 86.516854
0.890000 75.490196 86.516854
0.900000 75.490196 86.516854
0.910000 75.490196 86.516854
0.920000 74.509804 86.363636
0.930000 73.529412 87.209302
0.940000 73.529412 88.235294
0.950000 73.529412 90.361446
0.960000 73.529412 90.361446
0.970000 70.588235 90.000000
0.980000 69.607843 89.873418
0.990000 67.647059 93.243243
