0.000000 100.000000 44.933921
0.010000 91.176471 68.888889
0.020000 90.196078 70.229008
0.030000 90.196078 72.440945
0.040000 88.235294 72.580645
0.050000 87.254902 72.950820
0.060000 87.254902 72.950820
0.070000 86.274510 72.727273
0.080000 86.274510 73.333333
0.090000 86.274510 73.949580
0.100000 86.274510 73.949580
0.110000 86.274510 74.576271
0.120000 85.294118 74.358974
0.130000 85.294118 74.358974
0.140000 85.294118 75.000000
0.150000 85.294118 75.000000
0.160000 85.294118 75.000000
0.170000 85.294118 75.652174
0.180000 85.294118 75.652174
0.190000 85.294118 75.652174
0.200000 84.313725 76.106195
0.210000 84.313725 76.785714
0.220000 84.313725 76.785714
0.230000 84.313725 76.785714
0.240000 84.313725 77.477477
0.250000 84.313725 77.477477
0.260000 84.313725 77.477477
0.270000 84.313725 77.477477
0.280000 84.313725 77.477477
0.290000 84.313725 77.477477
0.300000 84.313725 77.477477
0.310000 84.313725 77.477477
0.320000 84.313725 77.477477
0.330000 84.313725 77.477477
0.340000 84.313725 78.181818
0.350000 84.313725 78.181818
0.360000 84.313725 78.181818
0.370000 84.313725 78.181818
0.380000 84.313725 78.181818
0.390000 84.313725 78.899083
0.400000 83.333333 78.703704
0.410000 83.333333 78.703704
0.420000 83.333333 79.439252
0.430000 82.352941 79.245283
0.440000 82.352941 79.245283
0.450000 82.352941 80.000000
0.460000 82.352941 80.769231
0.470000 82.352941 81.553398
0.480000 82.352941 81.553398
0.490000 82.352941 81.553398
0.500000 82.352941 81.553398
0.510000 82.352941 81.553398
0.520000 82.352941 81.553398
0.530000 82.352941 81.553398
0.540000 82.352941 82.352941
0.550000 82.352941 82.352941
0.560000 82.352941 82.352941
0.570000 82.352941 83.168317
0.580000 82.352941 83.168317
0.590000 82.352941 84.000000
0.600000 82.352941 84.000000
0.610000 82.352941 84.000000
0.620000 82.352941 84.000000
0.630000 82.352941 84.000000
0.640000 82.352941 84.000000
0.650000 82.352941 84.000000
0.660000 82.352941 84.000000
0.670000 81.372549 83.838384
0.680000 81.372549 83.838384
0.690000 80.392157 84.536082
0.700000 80.392157 84.536082
0.710000 80.392157 85.416667
0.720000 80.392157 85.416667
0.730000 80.392157 85.416667
0.740000 80.392157 86.315789
0.750000 80.392157 86.315789
0.760000 80.392157 86.315789
0.770000 80.392157 87.234043
0.780000 79.411765 87.096774
0.790000 79.411765 87.096774
0.800000 79.411765 87.096774
0.810000 79.411765 87.096774
0.820000 79.411765 87.096774
0.830000 79.411765 87.096774
0.840000 79.411765 88.043478
0.850000 79.411765 88.043478
0.860000 79.411765 88.043478
0.870000 79.411765 88.043478
0.880000 77.450980 87.777778
0.890000 77.450980 87.777778
0.900000 77.450980 87.777778
0.910000 75.490196 87.500000
0.920000 75.490196 88.505747
0.930000 75.490196 88.505747
0.940000 74.509804 89.411765
0.950000 73.529412 89.285714
0.960000 72.549020 90.243902
0.970000 67.647059 89.610390
0.980000 67.647059 90.789474
0.990000 62.745098 94.117647
