0.000000 100.000000 44.933921
0.010000 93.137255 66.433566
0.020000 91.176471 68.382353
0.030000 90.196078 69.172932
0.040000 90.196078 72.440945
0.050000 89.215686 72.800000
0.060000 88.235294 72.580645
0.070000 87.254902 72.950820
0.080000 87.254902 73.553719
0.090000 87.254902 74.166667
0.100000 86.274510 73.949580
0.110000 86.274510 75.862069
0.120000 86.274510 76.521739
0.130000 85.294118 76.315789
0.140000 85.294118 76.315789
0.150000 85.294118 76.991150
0.160000 85.294118 76.991150
0.170000 85.294118 76.991150
0.180000 85.294118 76.991150
0.190000 84.313725 77.477477
0.200000 84.313725 77.477477
0.210000 84.313725 77.477477
0.220000 84.313725 77.477477
0.230000 84.313725 77.477477
0.240000 81.372549 77.570093
0.250000 80.392157 77.358491
0.260000 80.392157 77.358491
0.270000 80.392157 77.358491
0.280000 80.392157 77.358491
0.290000 80.392157 77.358491
0.300000 80.392157 77.358491
0.310000 80.392157 78.095238
0.320000 80.392157 78.095238
0.330000 80.392157 78.095238
0.340000 80.392157 78.095238
0.350000 80.392157 78.095238
0.360000 80.392157 78.095238
0.370000 80.392157 78.095238
0.380000 80.392157 78.095238
0.390000 80.392157 78.095238
0.400000 80.392157 78.095238
0.410000 80.392157 78.095238
0.420000 80.392157 78.095238
0.430000 80.392157 78.846154
0.440000 80.392157 78.846154
0.450000 79.411765 79.411765
0.460000 79.411765 80.198020
0.470000 79.411765 80.198020
0.480000 79.411765 81.000000
0.490000 79.411765 81.000000
0.500000 79.411765 81.000000
0.510000 79.411765 81.000000
0.520000 78.431373 80.808081
0.530000 78.431373 80.808081
0.540000 78.431373 80.808081
0.550000 78.431373 80.808081
0.560000 77.450980 80.612245
0.570000 77.450980 80.612245
0.580000 77.450980 80.612245
0.590000 77.450980 80.612245
0.600000 77.450980 80.612245
0.610000 76.470588 80.412371
0.620000 76.470588 80.412371
0.630000 76.470588 80.412371
0.640000 76.470588 80.412371
0.650000 76.470588 80.412371
0.660000 76.470588 80.412371
0.670000 76.470588 80.412371
0.680000 75.490196 80.208333
0.690000 75.490196 81.052632
0.700000 75.490196 81.914894
0.710000 75.490196 81.914894
0.720000 75.490196 81.914894
0.730000 75.490196 81.914894
0.740000 75.490196 81.914894
0.750000 74.509804 81.720430
0.760000 74.509804 81.720430
0.770000 73.529412 81.521739
0.780000 73.529412 81.521739
0.790000 73.529412 81.521739
0.800000 71.568627 81.111111
0.810000 71.568627 82.022472
0.820000 71.568627 82.022472
0.830000 71.568627 82.954545
0.840000 71.568627 82.954545
0.850000 70.588235 82.758621
0.860000 69.607843 83.529412
0.870000 69.607843 84.523810
0.880000 69.607843 84.523810
0.890000 68.627451 85.365854
0.900000 68.627451 87.500000
0.910000 68.627451 88.607595
0.920000 67.647059 89.610390
0.930000 67.647059 90.789474
0.940000 67.647059 92.000000
0.950000 65.686275 91.780822
0.960000 62.745098 91.428571
0.970000 57.843137 90.769231
0.980000 52.941176 90.000000
0.990000 49.019608 90.909091
