0.000000 100.000000
0.010000 100.000000
0.020000 96.039604
0.030000 91.089109
0.040000 91.089109
0.050000 90.099010
0.060000 88.118812
0.070000 88.118812
0.080000 88.118812
0.090000 87.128713
0.100000 87.128713
0.110000 87.128713
0.120000 87.128713
0.130000 86.138614
0.140000 86.138614
0.150000 85.148515
0.160000 85.148515
0.170000 85.148515
0.180000 85.148515
0.190000 85.148515
0.200000 85.148515
0.210000 85.148515
0.220000 85.148515
0.230000 85.148515
0.240000 84.158416
0.250000 84.158416
0.260000 84.158416
0.270000 84.158416
0.280000 84.158416
0.290000 84.158416
0.300000 84.158416
0.310000 84.158416
0.320000 83.168317
0.330000 82.178218
0.340000 82.178218
0.350000 82.178218
0.360000 82.178218
0.370000 82.178218
0.380000 82.178218
0.390000 82.178218
0.400000 81.188119
0.410000 81.188119
0.420000 80.198020
0.430000 80.198020
0.440000 80.198020
0.450000 80.198020
0.460000 80.198020
0.470000 79.207921
0.480000 79.207921
0.490000 79.207921
0.500000 79.207921
0.510000 78.217822
0.520000 78.217822
0.530000 78.217822
0.540000 78.217822
0.550000 77.227723
0.560000 75.247525
0.570000 75.247525
0.580000 75.247525
0.590000 75.247525
0.600000 74.257426
0.610000 74.257426
0.620000 74.257426
0.630000 74.257426
0.640000 73.267327
0.650000 73.267327
0.660000 73.267327
0.670000 72.277228
0.680000 72.277228
0.690000 70.297030
0.700000 70.297030
0.710000 68.316832
0.720000 65.346535
0.730000 64.356436
0.740000 64.356436
0.750000 60.396040
0.760000 59.405941
0.770000 59.405941
0.780000 59.405941
0.790000 59.405941
0.800000 58.415842
0.810000 57.425743
0.820000 57.425743
0.830000 57.425743
0.840000 55.445545
0.850000 52.475248
0.860000 50.495050
0.870000 48.514851
0.880000 44.554455
0.890000 44.554455
0.900000 40.594059
0.910000 38.613861
0.920000 35.643564
0.930000 35.643564
0.940000 29.702970
0.950000 27.722772
0.960000 22.772277
0.970000 17.821782
0.980000 9.900990
0.990000 3.960396
