0.000000 44.888889
0.010000 47.641509
0.020000 50.259067
0.030000 51.111111
0.040000 52.571429
0.050000 54.491018
0.060000 56.687898
0.070000 58.169935
0.080000 61.379310
0.090000 61.538462
0.100000 62.857143
0.110000 63.768116
0.120000 65.671642
0.130000 65.909091
0.140000 65.909091
0.150000 67.187500
0.160000 67.716535
0.170000 68.800000
0.180000 69.918699
0.190000 69.918699
0.200000 71.666667
0.210000 73.504274
0.220000 75.438596
0.230000 76.106195
0.240000 75.892857
0.250000 77.272727
0.260000 77.981651
0.270000 77.981651
0.280000 78.703704
0.290000 79.439252
0.300000 79.439252
0.310000 80.188679
0.320000 80.000000
0.330000 79.807692
0.340000 80.582524
0.350000 80.582524
0.360000 82.178218
0.370000 82.178218
0.380000 82.178218
0.390000 82.178218
0.400000 83.673469
0.410000 83.673469
0.420000 83.505155
0.430000 83.505155
0.440000 83.505155
0.450000 83.505155
0.460000 84.375000
0.470000 85.106383
0.480000 85.106383
0.490000 85.106383
0.500000 85.106383
0.510000 85.869565
0.520000 85.869565
0.530000 86.813187
0.540000 86.813187
0.550000 86.666667
0.560000 87.356322
0.570000 87.356322
0.580000 88.372093
0.590000 89.411765
0.600000 92.592593
0.610000 92.592593
0.620000 92.592593
0.630000 92.592593
0.640000 92.500000
0.650000 92.500000
0.660000 92.500000
0.670000 92.405063
0.680000 92.405063
0.690000 92.207792
0.700000 92.207792
0.710000 92.000000
0.720000 91.666667
0.730000 91.549296
0.740000 91.549296
0.750000 91.044776
0.760000 92.307692
0.770000 92.307692
0.780000 92.307692
0.790000 92.307692
0.800000 92.187500
0.810000 92.063492
0.820000 92.063492
0.830000 93.548387
0.840000 93.333333
0.850000 92.982456
0.860000 94.444444
0.870000 94.230769
0.880000 93.750000
0.890000 93.750000
0.900000 93.181818
0.910000 92.857143
0.920000 94.736842
0.930000 94.736842
0.940000 93.750000
0.950000 93.333333
0.960000 92.000000
0.970000 94.736842
0.980000 100.000000
0.990000 100.000000
