0.000000 100.000000 45.333333
0.010000 98.039216 50.761421
0.020000 97.058824 53.513514
0.030000 97.058824 54.696133
0.040000 97.058824 56.896552
0.050000 96.078431 57.988166
0.060000 94.117647 58.895706
0.070000 93.137255 60.509554
0.080000 93.137255 61.688312
0.090000 93.137255 62.913907
0.100000 92.156863 63.945578
0.110000 92.156863 65.734266
0.120000 91.176471 65.957447
0.130000 90.196078 66.666667
0.140000 90.196078 67.153285
0.150000 90.196078 67.647059
0.160000 90.196078 70.229008
0.170000 89.215686 70.542636
0.180000 89.215686 71.093750
0.190000 89.215686 71.093750
0.200000 89.215686 71.653543
0.210000 89.215686 72.222222
0.220000 89.215686 72.800000
0.230000 88.235294 72.580645
0.240000 87.254902 72.357724
0.250000 86.274510 72.131148
0.260000 86.274510 73.949580
0.270000 86.274510 73.949580
0.280000 86.274510 74.576271
0.290000 86.274510 74.576271
0.300000 85.294118 74.358974
0.310000 85.294118 75.000000
0.320000 85.294118 75.000000
0.330000 85.294118 75.000000
0.340000 85.294118 76.315789
0.350000 85.294118 76.315789
0.360000 85.294118 76.315789
0.370000 84.313725 76.106195
0.380000 83.333333 77.981651
0.390000 82.352941 77.777778
0.400000 82.352941 77.777778
0.410000 82.352941 77.777778
0.420000 82.352941 79.245283
0.430000 81.372549 79.047619
0.440000 80.392157 78.846154
0.450000 80.392157 80.392157
0.460000 80.392157 80.392157
0.470000 80.392157 81.188119
0.480000 80.392157 82.828283
0.490000 80.392157 84.536082
0.500000 80.392157 84.536082
0.510000 80.392157 85.416667
0.520000 80.392157 85.416667
0.530000 80.392157 85.416667
0.540000 79.411765 85.263158
0.550000 78.431373 85.106383
0.560000 78.431373 85.106383
0.570000 78.431373 85.106383
0.580000 78.431373 85.106383
0.590000 77.450980 85.869565
0.600000 77.450980 85.869565
0.610000 77.450980 85.869565
0.620000 77.450980 85.869565
0.630000 77.450980 86.813187
0.640000 75.490196 86.516854
0.650000 75.490196 86.516854
0.660000 75.490196 86.516854
0.670000 75.490196 87.500000
0.680000 74.509804 88.372093
0.690000 74.509804 88.372093
0.700000 72.549020 88.095238
0.710000 72.549020 89.156627
0.720000 71.568627 89.024390
0.730000 71.568627 89.024390
0.740000 71.568627 89.024390
0.750000 71.568627 89.024390
0.760000 70.588235 88.888889
0.770000 69.607843 89.873418
0.780000 69.607843 89.873418
0.790000 69.607843 91.025641
0.800000 68.627451 92.105263
0.810000 68.627451 92.105263
0.820000 67.647059 92.000000
0.830000 67.647059 93.243243
0.840000 67.647059 93.243243
0.850000 67.647059 93.243243
0.860000 67.647059 94.520548
0.870000 67.647059 94.520548
0.880000 67.647059 94.520548
0.890000 64.705882 94.285714
0.900000 61.764706 96.923077
0.910000 59.803922 96.825397
0.920000 57.843137 98.333333
0.930000 55.882353 100.000000
0.940000 54.901961 100.000000
0.950000 53.921569 100.000000
0.960000 47.058824 100.000000
0.970000 45.098039 100.000000
0.980000 39.215686 100.000000
0.990000 31.372549 100.000000
