0.000000 100.000000
0.010000 98.039216
0.020000 97.058824
0.030000 97.058824
0.040000 97.058824
0.050000 96.078431
0.060000 94.117647
0.070000 93.137255
0.080000 93.137255
0.090000 93.137255
0.100000 92.156863
0.110000 92.156863
0.120000 91.176471
0.130000 90.196078
0.140000 90.196078
0.150000 90.196078
0.160000 90.196078
0.170000 89.215686
0.180000 89.215686
0.190000 89.215686
0.200000 89.215686
0.210000 89.215686
0.220000 89.215686
0.230000 88.235294
0.240000 87.254902
0.250000 86.274510
0.260000 86.274510
0.270000 86.274510
0.280000 86.274510
0.290000 86.274510
0.300000 85.294118
0.310000 85.294118
0.320000 85.294118
0.330000 85.294118
0.340000 85.294118
0.350000 85.294118
0.360000 85.294118
0.370000 84.313725
0.380000 83.333333
0.390000 82.352941
0.400000 82.352941
0.410000 82.352941
0.420000 82.352941
0.430000 81.372549
0.440000 80.392157
0.450000 80.392157
0.460000 80.392157
0.470000 80.392157
0.480000 80.392157
0.490000 80.392157
0.500000 80.392157
0.510000 80.392157
0.520000 80.392157
0.530000 80.392157
0.540000 79.411765
0.550000 78.431373
0.560000 78.431373
0.570000 78.431373
0.580000 78.431373
0.590000 77.450980
0.600000 77.450980
0.610000 77.450980
0.620000 77.450980
0.630000 77.450980
0.640000 75.490196
0.650000 75.490196
0.660000 75.490196
0.670000 75.490196
0.680000 74.509804
0.690000 74.509804
0.700000 72.549020
0.710000 72.549020
0.720000 71.568627
0.730000 71.568627
0.740000 71.568627
0.750000 71.568627
0.760000 70.588235
0.770000 69.607843
0.780000 69.607843
0.790000 69.607843
0.800000 68.627451
0.810000 68.627451
0.820000 67.647059
0.830000 67.647059
0.840000 67.647059
0.850000 67.647059
0.860000 67.647059
0.870000 67.647059
0.880000 67.647059
0.890000 64.705882
0.900000 61.764706
0.910000 59.803922
0.920000 57.843137
0.930000 55.882353
0.940000 54.901961
0.950000 53.921569
0.960000 47.058824
0.970000 45.098039
0.980000 39.215686
0.990000 31.372549
