0.000000 45.333333
0.010000 50.761421
0.020000 53.513514
0.030000 54.696133
0.040000 56.896552
0.050000 57.988166
0.060000 58.895706
0.070000 60.509554
0.080000 61.688312
0.090000 62.913907
0.100000 63.945578
0.110000 65.734266
0.120000 65.957447
0.130000 66.666667
0.140000 67.153285
0.150000 67.647059
0.160000 70.229008
0.170000 70.542636
0.180000 71.093750
0.190000 71.093750
0.200000 71.653543
0.210000 72.222222
0.220000 72.800000
0.230000 72.580645
0.240000 72.357724
0.250000 72.131148
0.260000 73.949580
0.270000 73.949580
0.280000 74.576271
0.290000 74.576271
0.300000 74.358974
0.310000 75.000000
0.320000 75.000000
0.330000 75.000000
0.340000 76.315789
0.350000 76.315789
0.360000 76.315789
0.370000 76.106195
0.380000 77.981651
0.390000 77.777778
0.400000 77.777778
0.410000 77.777778
0.420000 79.245283
0.430000 79.047619
0.440000 78.846154
0.450000 80.392157
0.460000 80.392157
0.470000 81.188119
0.480000 82.828283
0.490000 84.536082
0.500000 84.536082
0.510000 85.416667
0.520000 85.416667
0.530000 85.416667
0.540000 85.263158
0.550000 85.106383
0.560000 85.106383
0.570000 85.106383
0.580000 85.106383
0.590000 85.869565
0.600000 85.869565
0.610000 85.869565
0.620000 85.869565
0.630000 86.813187
0.640000 86.516854
0.650000 86.516854
0.660000 86.516854
0.670000 87.500000
0.680000 88.372093
0.690000 88.372093
0.700000 88.095238
0.710000 89.156627
0.720000 89.024390
0.730000 89.024390
0.740000 89.024390
0.750000 89.024390
0.760000 88.888889
0.770000 89.873418
0.780000 89.873418
0.790000 91.025641
0.800000 92.105263
0.810000 92.105263
0.820000 92.000000
0.830000 93.243243
0.840000 93.243243
0.850000 93.243243
0.860000 94.520548
0.870000 94.520548
0.880000 94.520548
0.890000 94.285714
0.900000 96.923077
0.910000 96.825397
0.920000 98.333333
0.930000 100.000000
0.940000 100.000000
0.950000 100.000000
0.960000 100.000000
0.970000 100.000000
0.980000 100.000000
0.990000 100.000000
